19.475 60.235 0.337 0.011 1010.399 
80.074 165.945 0.162 -0.096 1018.962 
30.986 79.986 0.180 0.002 1080.851 
112.196 174.783 0.248 0.016 954.582 
174.780 167.283 0.264 -0.028 929.307 
194.344 96.582 0.940 0.174 919.177 
167.386 134.347 0.218 -0.083 1014.868 
76.378 83.200 0.162 0.022 971.944 
167.713 93.424 0.254 0.059 961.705 
20.675 11.580 0.889 -0.133 980.672 
199.244 96.047 0.935 0.190 908.316 
130.328 178.835 0.268 0.040 999.214 
35.683 81.695 0.156 -0.013 1021.310 
22.575 165.770 0.407 0.081 1011.976 
31.763 128.433 0.228 -0.024 1026.584 
17.502 157.233 0.844 -0.027 1002.721 
169.736 129.938 0.265 -0.080 966.765 
197.624 117.282 3.801 -0.220 983.879 
98.986 16.185 0.315 0.046 1058.632 
37.614 117.271 0.187 -0.003 1000.501 
130.157 164.333 0.185 0.000 976.144 
19.948 29.831 0.513 -0.045 1093.068 
166.179 60.768 0.212 0.013 1071.204 
14.705 37.099 0.693 -0.067 1007.995 
104.826 107.360 0.155 -0.024 941.271 
175.774 100.106 0.250 0.000 1001.241 
79.289 11.847 0.707 0.255 927.026 
81.703 135.420 0.180 -0.017 1045.262 
45.502 122.642 0.139 -0.022 916.115 
101.419 168.074 0.164 -0.053 1055.667 
147.726 181.666 0.302 -0.050 998.586 
97.174 78.767 0.135 -0.014 946.923 
84.944 164.872 0.250 -0.029 1046.351 
18.144 25.856 0.513 -0.045 1016.617 
101.286 57.241 0.177 0.025 996.399 
183.512 19.997 0.517 0.031 1015.232 
67.439 5.640 1.197 -0.135 1074.698 
13.966 64.232 0.342 0.027 963.480 
91.827 59.797 0.128 -0.013 1051.452 
135.740 88.940 0.105 -0.056 1040.031 
28.304 168.350 0.274 0.025 962.704 
34.502 16.680 0.464 -0.138 873.433 
133.078 17.164 0.306 -0.074 963.378 
148.257 62.322 0.176 -0.002 993.993 
128.013 94.039 0.122 -0.022 911.092 
154.002 92.244 0.149 -0.017 980.007 
69.527 55.410 0.163 0.035 1071.290 
178.863 170.746 0.213 -0.098 882.841 
87.883 110.747 0.098 -0.032 982.111 
196.668 198.282 1.563 0.121 1026.388 
76.111 89.838 0.081 -0.036 989.269 
140.648 89.852 0.157 -0.028 983.460 
148.229 131.860 0.148 -0.050 1060.601 
96.466 43.257 0.135 -0.006 1004.646 
102.250 64.808 0.089 -0.036 1020.111 
58.060 157.472 0.173 -0.010 1035.109 
128.467 122.688 0.115 -0.031 955.186 
197.794 102.711 1.356 0.096 1026.812 
37.667 180.778 0.332 0.066 970.892 
73.127 144.367 0.116 -0.058 918.634 
103.633 166.074 0.164 -0.053 916.902 
143.705 190.612 0.550 -0.063 1060.030 
15.166 130.371 0.450 -0.008 1042.596 
117.004 163.386 0.114 -0.039 1067.920 
68.884 118.666 0.104 -0.020 1017.088 
113.636 8.523 0.326 -0.036 1077.355 
132.811 194.076 0.886 -0.017 925.772 
111.345 69.443 0.075 -0.043 1067.302 
154.327 62.286 0.089 -0.056 949.422 
190.387 107.281 0.618 0.061 1054.274 
11.866 102.480 0.565 -0.460 1028.932 
18.926 39.734 0.451 -0.067 980.300 
11.371 134.575 0.426 -0.001 974.172 
196.784 3.673 3.595 0.209 1031.965 
31.118 189.573 0.483 -0.058 984.158 
139.829 140.567 0.108 -0.053 1059.984 
177.117 62.028 0.174 -0.006 1000.927 
67.640 145.542 0.106 -0.121 921.957 
68.234 48.405 0.106 -0.026 991.246 
174.060 103.044 0.250 0.000 1032.283 
198.146 66.592 0.506 0.348 967.115 
71.407 141.774 0.116 -0.058 1071.930 
75.365 23.362 0.258 0.068 1078.796 
93.272 180.980 0.241 -0.153 1014.593 
141.754 32.415 0.180 -0.063 954.793 
92.250 109.939 0.098 -0.032 984.319 
98.892 115.573 0.046 -0.070 936.367 
31.712 175.745 0.219 -0.032 996.788 
32.963 105.866 0.119 -0.057 1021.531 
60.317 25.303 0.256 -0.041 1015.502 
129.449 104.447 0.068 -0.053 981.116 
76.044 128.921 0.042 -0.077 1091.319 
23.608 15.618 0.545 -0.196 1056.959 
176.764 105.276 0.250 0.001 940.906 
171.834 26.303 0.295 0.020 980.734 
196.232 181.545 0.335 -0.253 1004.373 
112.416 145.876 0.080 -0.048 913.142 
57.568 34.860 0.163 -0.034 853.040 
39.900 9.809 0.683 -0.083 1018.546 
18.924 155.549 0.843 -0.027 980.378 
